52046372.05241524
34922682.756698914
32683324.077530477
22311352.046659503
51969711.10887146
58899576.44733059
27449707.509943593
58959761.642722
27390053.78987451
32558235.036673177
28145125.580951385
36791347.25504309
51069229.59752707
40528456.66534983
32225166.913350474
25676465.968608562
27054312.4794285
23024239.095458742
38942879.90251611
43032109.07464743
33383078.51468179
39054333.013594165
61190368.73494775
18717779.847229403
32860504.801601112
19452687.142086733
28860743.53886322
68006467.90461567
44979610.80596444
28866124.285945605
35359989.88026201
40985347.927867346
36002453.64103493
34540717.46687951
47923336.533034384
33327622.263582274
28765790.123285886
61843438.89462466
25593729.456486322
52576998.55345603
42967959.12541909
40588399.02316765
35239870.80104738
52567344.50414791
35947673.85790025
43656569.26951137
18629220.096472416
58375556.22059167
65589994.79282674
30264873.651356783
40229925.4892905
78922992.49385571
35529144.35051987
39251140.48224433
42271611.644043066
28267405.58197719
25262143.518454704
21918634.907414835
67343214.13034862
31470536.896816242
28307384.180079777
23737073.531652033
46873181.58793295
67211195.77627902
30707711.002516117
49995863.966749355
23326976.159345664
53563225.9775483
37271521.42821015
42419171.27743825
29887973.66167837
36668671.406723
32646714.11292299
33720970.113633625
35337811.02531174
32155817.904157456
48131277.344457485
61751822.08237023
52747704.71696413
31088979.26992206
35993749.90680296
26957100.137598965
40767654.660752885
50344503.92592969
32831168.207786646
41863281.12821924
33780151.062606044
41204377.973959655
51699889.57579067
49307791.32848239
41127903.43442741
53103494.036278225
47495640.376355164
46730268.33107765
39436843.297178864
66761341.218901046
25347158.37656475
44848027.299926184
41934061.92779626
42048522.656982
75281876.07307696
27629667.26936391
30734026.731726024
51109775.72484297
38762795.45397862
59089383.85117647
63563668.63702408
52114593.00436836
26361819.480396565
21708930.85812676
75709638.59121741
54147281.34754274
44204317.0756522
42806242.87583128
35572626.041509524
23190845.96808248
33937640.75932976
12511778.921846485
49009472.54897814
47385818.834664315
56186812.496841244
37979317.07359917
28981156.083313093
54070182.99962052
23737568.15104703
50314837.645821184
77106292.65280843
63712069.174303666
39924141.50375472
24177287.60520029
40326969.40648355
36527967.56283153
40493566.13265498
32544561.85708439
30905041.114183664
44242104.51279452
23027092.308453895
51643509.46695786
30597595.878000244
18934907.11730704
41154969.279806025
26676697.10143061
47020760.98336621
21881087.02118706
50630387.6565778
61629207.74170551
40248940.18658473
50818114.431395195
34559958.76468138
20440085.52528083
13830311.76529523
31991455.711516898
87473536.55186506
76489184.63840798
23634900.52822773
54667793.18516852
35587316.00724909
37785307.00958571
22228993.38396379
30557455.854877565
29039421.44578706
35110956.444165684
70089745.45425342
35227654.07306426
46523945.4355916
48956936.65895915
43655994.76262486
14448943.897977592
37726253.066700906
44082004.948082946
51579782.96971269
23658432.235462736
41717256.66243608
51075129.22466929
36756289.1754638
27831490.54706778
34960284.38334116
35797553.98462157
48704608.338207304
27604937.93672281
55247204.39336397
36406141.08375384
53321849.30375067
32943448.977348134
29249318.626454663
42602929.44044287
36878537.83672484
35169216.64762985
32915895.495523814
53037260.70015477
45097050.29479826
39075076.37302532
56173606.49717707
37263660.40550924
37679855.618924655
40721069.75582331
50141309.03493074
24496947.091865234
30259048.298832227
76510439.42285278
35460610.9915965
25873241.714001264
55025799.44145768
20430001.855117455
46347598.38752326
78310579.09828034
46413622.14649362
32143306.230254065
48327713.50483236
17344668.399101567
53478656.679671176
57734618.474711485
36955328.55917356
27827973.339710683
38888325.870217316
40916961.56248953
31675124.224052373
47228069.58693745
45982779.10723227
21375860.311597425
32219570.235685047
46545704.928548425
31940811.35624684
55250692.44589849
81444874.6600173
40066328.1015245
73873571.5759467
33902686.20017544
18859944.266835023
55813694.880102985
25305190.3476304
23558048.514101386
34346287.59222233
46227842.22595861
36141341.77559045
39644545.474196576
24146480.980496973
74859554.13443005
40424871.570883624
33957140.53369877
34139190.8034557
61912993.69306704
39616508.074604265
47020042.3855809
33623421.00217202
66094069.33183027
18585371.16705429
66291365.919349164
29740230.919078313
38050519.08853373
32602601.915175524
30816110.171668652
31029584.032132756
30494153.59388082
24587268.115736514
41438052.16527648
40412990.6596735
83459975.00979139
34073585.781718016
43551329.61614615
29880279.08749533
38746278.73541444
29231724.400802866
31036474.363555335
42756119.18818152
43664483.03545378
27019951.254628703
23640204.54348706
30649496.368277762
46854613.54568303
47225682.80907796
37762133.13240572
33556921.99137392
25718537.52258818
35312857.78005662
69819115.60536689
27047263.585975878
21169857.22240887
46408080.75584343
52335795.4570824
34339041.82280852
60380479.92072154
49881638.589233905
27780985.34929375
29273800.07918357
57605659.22793839
19550495.113789514
61670539.365413845
20044379.57511276
29612539.430226035
66998166.93133649
52720731.349224575
41323793.40636081
45029800.38295651
52676576.448663704
34819623.51871825
52392088.07912886
28947812.43459203
32636638.10853564
48703421.523561016
33544320.352202207
52497325.7697361
33672702.16557461
24656297.817574568
66084679.96281063
23548577.236205786
34294366.42027731
41170383.135192595
23792954.443680584
53415181.29756085
55285984.79271902
40195737.69335188
35100010.7650338
69320993.97190018
36779444.66057644
26732489.10349462
51832739.86582619
48474670.169304855
65377792.00595791
22240096.233146884
30583989.968723893
33344911.745669056
21443275.89938459
45786970.64963374
40155885.13686087
38695894.79697285
54634564.46669896
38163351.17311076
72199877.83444667
35942646.88806374
25655200.441546682
26948871.822479744
54865223.35669639
61317146.813703656
22567883.99213611
39996140.55417748
30080208.07078742
21740904.947608545
34432709.41176209
39469344.26565823
36031710.57354841
38994237.2984959
31182050.44869956
32002008.657516375
55978331.611255795
33130155.938872784
29357075.493200034
43320755.0973337
22431834.066762004
42030220.98954258
41232339.622025944
53658457.51279347
48358116.38770279
35026027.74680851
35534781.611841604
28234174.14923464
44507411.919295885
28446817.460131835
41930529.84940281
37472930.56247849
46090416.95493164
43687158.906671435
26964573.216678742
121359933.95944971
44206107.87331681
56670934.55388253
48486243.97462386
42472553.72866551
51247360.52664302
32056363.824055903
26687070.301916324
56995320.14870606
28212339.732294735
28397176.56898293
30060993.333880797
27744267.70900579
42335432.087960534
38622369.034235865
79427608.24778315
38949042.39012475
51354984.68536856
28397274.80320341
33826438.34027617
28959026.264446776
35978313.967453845
39413564.310656205
39096477.61121534
26884800.627517894
46265886.13745481
41169664.149464145
33374805.75966066
37620457.28799722
30237734.20021332
13197538.442016091
27124424.74978396
39257534.98686428
38573208.53535878
31735289.110786065
34539896.98927304
36526408.73617095
26597171.99828401
51408522.70818699
36511423.040425174
63643003.292275764
42788921.648764096
29593360.7357957
42760313.72735928
37302415.65539711
53985948.82466848
48525758.00207622
43419299.01149834
40444347.29662809
42631131.76542269
18957776.20124527
34212098.520474136
45316342.02290704
23271773.254902758
46475400.8999028
41305626.405066766
34598273.79778366
63157553.35355561
47562882.55390123
39135123.94784961
32117173.334478978
48675228.74483762
21108167.400769178
31573188.042605173
37565919.0646938
18393226.28412888
31349236.51905661
31496871.59874177
68171372.64504968
85453619.54195459
31292513.53153089
24218343.20567985
51987096.69100172
20143622.241591904
80377396.04602404
46709402.92827602
53381193.640967555
25712262.940274715
30279115.23023273
42575249.607664295
35819507.2990006
31772217.256437127
31653197.129476953
43742969.93964153
34920313.26338302
76689880.75934984
81906906.6941825
22993512.325557806
66423638.41128469
22941001.99506345
41403055.166685976
34416872.37598613
44288783.74286766
35173609.55013008
67760155.85993864
40585543.70515295
32693900.933169298
45185619.1122489
37535098.787784606
32144389.887907345
40407720.25965062
46733101.86116598
34637479.972989365
60303144.86950659
35924887.97508296
39381780.68699358
27854071.02298209
63764494.07031073
53216552.007115826
59774053.868393436
36649510.89124085
37305265.11639171
37147234.992087066
37769859.73548646
106422091.91686843
46914190.53166888
34910578.134824105
40345767.93235963
29620476.406502053
50145519.288633905
24747188.476717234
36295625.45670173
51632621.436583266
36641570.276302874
53439564.06828394
42276201.02141678
35692176.49633993
37266743.28630169
30408819.696510814
26017675.406834222
41772307.66202923
56447478.13925638
32244483.81767571
26204514.051244933
36701703.09240105
17661755.731360264
40003922.66572913
